C,1757958068.046,3,0
p1,1757958068.0161,2.742,-38.59,-46.05,6.592
p1,1757958068.8436,5.47,-2.408,-32.71,30.3
p1,1757958068.8898,5.478,-2.268,-37.17,34.9
p1,1757958068.9974,5.469,-2.368,-37.56,35.19
p1,1757958069.0851,5.476,-2.325,-32.71,30.38
p1,1757958080.8020,-0.5782,-37.24,-45.62,7.702
p1,1757958081.9115,3.369,-2.475,-40,37.52
p1,1757958081.9823,3.377,-2.503,-34.39,31.89
p1,1757958082.0458,3.387,-2.485,-39.39,36.9
p1,1757958082.0703,3.395,-2.493,-37.77,35.27
p1,1757958092.9523,2.622,-39.81,-47.26,6.587
p1,1757958092.9525,0.8409,-38.07,-45.65,6.746
C,1757958097.991,2,0
p1,1757958106.5601,3.031,-3.511,-33,29.48
p1,1757958106.6311,3.041,-3.526,-31.26,27.73
p1,1757958106.7531,3.04,-3.423,-37.09,33.67
p1,1757958106.8361,3.04,-3.424,-37.24,33.82
p1,1757958107.7396,5.494,-2.28,-32.69,30.4
p1,1757958107.7861,5.509,-2.22,-40.11,37.88
p1,1757958107.8934,3.6,-22.88,-34.01,10.78
p1,1757958107.8936,5.512,-2.311,-29.88,27.56
p1,1757958107.9813,5.505,-2.199,-41.72,39.52
p1,1757958110.8809,-1.072,-37.56,-45.41,7.074
C,1757958117.993,3,0
p1,1757958120.8078,3.367,-2.537,-34.52,31.98
p1,1757958120.8786,3.376,-2.598,-30.75,28.14
p1,1757958120.9421,3.386,-2.523,-33.51,30.98
p1,1757958120.9666,3.394,-2.466,-41.54,39.08
C,1757958137.993,2,0
